# Created by Octave 4.4.0, Mon Jun 10 18:42:05 2019 GMT <unknown@Surface>
# name: y
# type: matrix
# rows: 483
# columns: 1
 0
 0
 0
 1
 0
 0
 0
 0
 1
 0
 1
 1
 0
 1
 1
 1
 0
 0
 1
 0
 1
 0
 0
 0
 0
 1
 0
 1
 1
 0
 1
 1
 1
 0
 1
 0
 1
 1
 1
 0
 0
 1
 0
 1
 0
 1
 0
 1
 0
 0
 0
 1
 1
 1
 0
 1
 1
 0
 0
 1
 0
 0
 0
 1
 0
 0
 0
 0
 1
 1
 0
 0
 0
 0
 1
 1
 0
 0
 0
 1
 0
 1
 1
 1
 0
 0
 0
 1
 1
 1
 1
 1
 0
 0
 1
 0
 0
 1
 0
 1
 0
 1
 0
 0
 0
 1
 1
 1
 1
 0
 1
 1
 0
 1
 1
 0
 1
 0
 1
 1
 1
 1
 0
 0
 1
 1
 1
 1
 1
 0
 1
 0
 0
 1
 0
 1
 0
 1
 1
 0
 1
 0
 1
 1
 1
 1
 1
 0
 1
 1
 0
 1
 1
 1
 0
 0
 0
 1
 1
 1
 0
 1
 1
 1
 0
 0
 0
 1
 1
 0
 0
 1
 1
 1
 0
 1
 1
 1
 1
 1
 1
 0
 1
 0
 1
 1
 1
 0
 1
 1
 1
 0
 1
 0
 1
 1
 1
 1
 0
 0
 0
 1
 0
 0
 1
 0
 0
 1
 1
 0
 1
 1
 0
 1
 1
 1
 1
 0
 1
 0
 0
 0
 0
 0
 0
 0
 1
 1
 1
 0
 0
 0
 0
 0
 1
 0
 1
 1
 0
 0
 1
 0
 0
 0
 1
 1
 1
 0
 0
 1
 1
 0
 0
 0
 1
 0
 0
 1
 0
 1
 1
 1
 1
 0
 1
 1
 1
 1
 0
 0
 0
 1
 1
 0
 1
 0
 1
 1
 0
 1
 1
 1
 1
 0
 1
 0
 1
 1
 0
 1
 0
 0
 1
 1
 1
 0
 1
 0
 1
 1
 1
 0
 0
 0
 0
 0
 0
 1
 1
 0
 0
 0
 1
 1
 1
 0
 1
 0
 0
 0
 0
 1
 1
 1
 0
 1
 0
 1
 1
 0
 1
 0
 1
 0
 0
 0
 1
 1
 0
 0
 1
 0
 1
 0
 0
 0
 1
 0
 0
 0
 0
 0
 0
 1
 1
 0
 0
 0
 0
 0
 1
 0
 0
 0
 1
 1
 0
 0
 0
 1
 1
 0
 0
 0
 1
 0
 1
 0
 0
 1
 0
 0
 0
 1
 1
 0
 0
 0
 0
 0
 1
 0
 0
 0
 0
 1
 0
 1
 0
 0
 1
 0
 0
 1
 0
 0
 0
 0
 0
 0
 1
 0
 0
 1
 1
 1
 1
 0
 0
 0
 0
 0
 0
 0
 0
 1
 0
 0
 0
 1
 1
 0
 0
 0
 1
 1
 1
 0
 0
 1
 0
 1
 1
 0
 0
 0
 0
 0
 1
 0
 0
 0
 0
 0
 1
 0
 1
 1
 0
 0
 0
 0
 0
 0
 0
 0
 0
 0
 0
 0
 0
 0
 0
 1
 0
 0
 0
 1
 1
 1
 0
 1
 0


